//Map Exported with Texture Studio By: [uL]Pottus////////////////////////////////////////////////////////////////
//////////////////////////////////////////////and Crayder////////////////////////////////////////////////////////
/////////////////////////////////////////////////////////////////////////////////////////////////////////////////

//Map Information////////////////////////////////////////////////////////////////////////////////////////////////
/*
	Exported on "2024-04-11 21:29:42" by "Reno888"
	Created by "Reno888"
	Spawn Position: 2563.937988, 1017.901611, 10.839282
*/
/////////////////////////////////////////////////////////////////////////////////////////////////////////////////

//Objects////////////////////////////////////////////////////////////////////////////////////////////////////////
new tmpobjid;
tmpobjid = CreateDynamicObject(18244, 1578.741577, -1395.202026, 17.657958, 89.999992, 167.999221, -77.999397, -1, -1, -1, 300.00, 300.00); 
SetDynamicObjectMaterialText(tmpobjid, 0, "TEXT LU\nEDIT DISINI", 130, "Ariel", 60, 1, 0xFFFFFFFF, 0xFF000000, 1);
/////////////////////////////////////////////////////////////////////////////////////////////////////////////////
/////////////////////////////////////////////////////////////////////////////////////////////////////////////////
/////////////////////////////////////////////////////////////////////////////////////////////////////////////////
tmpobjid = CreateDynamicObject(12943, 1570.601440, -1395.063842, 12.964885, -0.000027, 0.000014, 0.000227, -1, -1, -1, 300.00, 300.00); 
tmpobjid = CreateDynamicObject(1025, 1573.205444, -1398.863891, 16.852436, 0.000014, 0.000051, 89.999877, -1, -1, -1, 300.00, 300.00); 
tmpobjid = CreateDynamicObject(1078, 1571.705444, -1398.863891, 16.852436, 0.000014, 0.000051, 89.999877, -1, -1, -1, 300.00, 300.00); 
tmpobjid = CreateDynamicObject(1080, 1570.205444, -1398.863891, 16.852436, 0.000014, 0.000051, 89.999877, -1, -1, -1, 300.00, 300.00); 
tmpobjid = CreateDynamicObject(1079, 1568.705444, -1398.863891, 16.852436, 0.000014, 0.000051, 89.999877, -1, -1, -1, 300.00, 300.00); 
tmpobjid = CreateDynamicObject(1074, 1576.205444, -1398.863891, 16.852436, 0.000014, 0.000051, 89.999877, -1, -1, -1, 300.00, 300.00); 
tmpobjid = CreateDynamicObject(1075, 1574.705444, -1398.863891, 16.852436, 0.000014, 0.000051, 89.999877, -1, -1, -1, 300.00, 300.00); 
tmpobjid = CreateDynamicObject(1082, 1567.205444, -1398.863891, 16.852436, 0.000014, 0.000051, 89.999877, -1, -1, -1, 300.00, 300.00); 
tmpobjid = CreateDynamicObject(1081, 1565.705444, -1398.863891, 16.852436, 0.000014, 0.000051, 89.999877, -1, -1, -1, 300.00, 300.00); 
tmpobjid = CreateDynamicObject(1618, 1568.617065, -1391.084350, 16.530216, -0.000014, -0.000029, -90.000114, -1, -1, -1, 300.00, 300.00); 
tmpobjid = CreateDynamicObject(19903, 1567.970825, -1391.564086, 13.010215, -0.000014, -0.000029, -90.000114, -1, -1, -1, 300.00, 300.00); 
tmpobjid = CreateDynamicObject(2714, 1578.673461, -1392.028442, 15.260219, 0.000014, 0.000029, 89.999877, -1, -1, -1, 300.00, 300.00); 
tmpobjid = CreateDynamicObject(19815, 1571.433715, -1391.061157, 15.010219, -0.000034, 0.000014, 0.000258, -1, -1, -1, 300.00, 300.00); 
tmpobjid = CreateDynamicObject(19899, 1577.111206, -1391.744018, 13.010215, -0.000014, -0.000029, -90.000114, -1, -1, -1, 300.00, 300.00); 
tmpobjid = CreateDynamicObject(19900, 1574.289672, -1391.623168, 13.010215, -0.000014, -0.000036, -90.000160, -1, -1, -1, 300.00, 300.00); 
tmpobjid = CreateDynamicObject(19917, 1574.269653, -1391.647827, 13.890216, 0.000014, 0.000036, 89.999877, -1, -1, -1, 300.00, 300.00); 
tmpobjid = CreateDynamicObject(2206, 1570.437377, -1391.702026, 13.010215, -0.000034, 0.000014, 0.000258, -1, -1, -1, 300.00, 300.00); 
tmpobjid = CreateDynamicObject(3077, 1573.239379, -1390.406860, 13.010215, 0.000029, -0.000014, 179.999618, -1, -1, -1, 300.00, 300.00); 
tmpobjid = CreateDynamicObject(1010, 1571.251098, -1399.067749, 14.810218, 0.000014, 90.000030, 89.999877, -1, -1, -1, 300.00, 300.00); 
tmpobjid = CreateDynamicObject(1010, 1570.251098, -1399.067749, 14.810218, 0.000014, 90.000030, 89.999877, -1, -1, -1, 300.00, 300.00); 
tmpobjid = CreateDynamicObject(1010, 1569.251098, -1399.067749, 14.810218, 0.000014, 90.000030, 89.999877, -1, -1, -1, 300.00, 300.00); 
tmpobjid = CreateDynamicObject(1723, 1575.692504, -1398.487426, 13.010215, 0.000029, -0.000014, 179.999618, -1, -1, -1, 300.00, 300.00); 
tmpobjid = CreateDynamicObject(2206, 1571.047729, -1398.496215, 13.010215, 0.000022, -0.000014, 179.999649, -1, -1, -1, 300.00, 300.00); 
