//Map Exported with Texture Studio By: [uL]Pottus////////////////////////////////////////////////////////////////
//////////////////////////////////////////////and Crayder////////////////////////////////////////////////////////
/////////////////////////////////////////////////////////////////////////////////////////////////////////////////

//Map Information////////////////////////////////////////////////////////////////////////////////////////////////
/*
	Exported on "2024-04-11 21:33:41" by "Reno888"
	Created by "Reno888"
	Spawn Position: 2563.937988, 1017.901611, 10.839282
*/
/////////////////////////////////////////////////////////////////////////////////////////////////////////////////

//Objects////////////////////////////////////////////////////////////////////////////////////////////////////////
new tmpobjid;
tmpobjid = CreateDynamicObject(18244, 2467.141357, -1786.252075, 17.216381, 89.999992, 111.594818, -21.595037, -1, -1, -1, 300.00, 300.00); 
SetDynamicObjectMaterialText(tmpobjid, 0, "TEXT LU\nEDIT DISINI", 130, "Ariel", 60, 1, 0xFFFFFFFF, 0xFF000000, 1);
/////////////////////////////////////////////////////////////////////////////////////////////////////////////////
/////////////////////////////////////////////////////////////////////////////////////////////////////////////////
/////////////////////////////////////////////////////////////////////////////////////////////////////////////////
tmpobjid = CreateDynamicObject(12943, 2459.001220, -1786.113891, 12.523306, -0.000026, 0.000006, 0.000335, -1, -1, -1, 300.00, 300.00); 
tmpobjid = CreateDynamicObject(1025, 2461.605224, -1789.913940, 16.410858, 0.000005, 0.000050, 89.999870, -1, -1, -1, 300.00, 300.00); 
tmpobjid = CreateDynamicObject(1078, 2460.105224, -1789.913940, 16.410858, 0.000005, 0.000050, 89.999870, -1, -1, -1, 300.00, 300.00); 
tmpobjid = CreateDynamicObject(1080, 2458.605224, -1789.913940, 16.410858, 0.000005, 0.000050, 89.999870, -1, -1, -1, 300.00, 300.00); 
tmpobjid = CreateDynamicObject(1079, 2457.105224, -1789.913940, 16.410858, 0.000005, 0.000050, 89.999870, -1, -1, -1, 300.00, 300.00); 
tmpobjid = CreateDynamicObject(1074, 2464.605224, -1789.913940, 16.410858, 0.000005, 0.000050, 89.999870, -1, -1, -1, 300.00, 300.00); 
tmpobjid = CreateDynamicObject(1075, 2463.105224, -1789.913940, 16.410858, 0.000005, 0.000050, 89.999870, -1, -1, -1, 300.00, 300.00); 
tmpobjid = CreateDynamicObject(1082, 2455.605224, -1789.913940, 16.410858, 0.000005, 0.000050, 89.999870, -1, -1, -1, 300.00, 300.00); 
tmpobjid = CreateDynamicObject(1081, 2454.105224, -1789.913940, 16.410858, 0.000005, 0.000050, 89.999870, -1, -1, -1, 300.00, 300.00); 
tmpobjid = CreateDynamicObject(1618, 2457.016845, -1782.134399, 16.088638, -0.000005, -0.000027, -90.000167, -1, -1, -1, 300.00, 300.00); 
tmpobjid = CreateDynamicObject(19903, 2456.370605, -1782.614135, 12.568636, -0.000005, -0.000027, -90.000167, -1, -1, -1, 300.00, 300.00); 
tmpobjid = CreateDynamicObject(2714, 2467.073242, -1783.078491, 14.818642, 0.000005, 0.000028, 89.999870, -1, -1, -1, 300.00, 300.00); 
tmpobjid = CreateDynamicObject(19815, 2459.833496, -1782.111206, 14.568642, -0.000034, 0.000006, 0.000366, -1, -1, -1, 300.00, 300.00); 
tmpobjid = CreateDynamicObject(19899, 2465.510986, -1782.794067, 12.568636, -0.000005, -0.000027, -90.000167, -1, -1, -1, 300.00, 300.00); 
tmpobjid = CreateDynamicObject(19900, 2462.689453, -1782.673217, 12.568636, -0.000005, -0.000035, -90.000213, -1, -1, -1, 300.00, 300.00); 
tmpobjid = CreateDynamicObject(19917, 2462.669433, -1782.697875, 13.448637, 0.000005, 0.000035, 89.999870, -1, -1, -1, 300.00, 300.00); 
tmpobjid = CreateDynamicObject(2206, 2458.837158, -1782.752075, 12.568636, -0.000034, 0.000006, 0.000366, -1, -1, -1, 300.00, 300.00); 
tmpobjid = CreateDynamicObject(3077, 2461.639160, -1781.456909, 12.568636, 0.000028, -0.000006, 179.999496, -1, -1, -1, 300.00, 300.00); 
tmpobjid = CreateDynamicObject(1010, 2459.650878, -1790.117797, 14.368639, 0.000005, 90.000030, 89.999870, -1, -1, -1, 300.00, 300.00); 
tmpobjid = CreateDynamicObject(1010, 2458.650878, -1790.117797, 14.368639, 0.000005, 90.000030, 89.999870, -1, -1, -1, 300.00, 300.00); 
tmpobjid = CreateDynamicObject(1010, 2457.650878, -1790.117797, 14.368639, 0.000005, 90.000030, 89.999870, -1, -1, -1, 300.00, 300.00); 
tmpobjid = CreateDynamicObject(1723, 2464.092285, -1789.537475, 12.568636, 0.000028, -0.000006, 179.999496, -1, -1, -1, 300.00, 300.00); 
tmpobjid = CreateDynamicObject(2206, 2459.447509, -1789.546264, 12.568636, 0.000021, -0.000006, 179.999526, -1, -1, -1, 300.00, 300.00); 
