//Map Exported with Texture Studio By: [uL]Pottus////////////////////////////////////////////////////////////////
//////////////////////////////////////////////and Crayder////////////////////////////////////////////////////////
/////////////////////////////////////////////////////////////////////////////////////////////////////////////////

//Map Information////////////////////////////////////////////////////////////////////////////////////////////////
/*
	Exported on "2024-04-11 21:26:18" by "Reno888"
	Created by "Reno888"
	Spawn Position: 2563.937988, 1017.901611, 10.839282
*/
/////////////////////////////////////////////////////////////////////////////////////////////////////////////////

//Objects////////////////////////////////////////////////////////////////////////////////////////////////////////
new tmpobjid;
tmpobjid = CreateDynamicObject(18244, 1321.051269, -872.069946, 43.227550, 89.999992, 156.901092, -66.901268, -1, -1, -1, 300.00, 300.00); 
SetDynamicObjectMaterialText(tmpobjid, 0, "TEXT LU\nEDIT DISINI", 130, "Ariel", 60, 1, 0xFFFFFFFF, 0xFF000000, 1);
/////////////////////////////////////////////////////////////////////////////////////////////////////////////////
/////////////////////////////////////////////////////////////////////////////////////////////////////////////////
/////////////////////////////////////////////////////////////////////////////////////////////////////////////////
tmpobjid = CreateDynamicObject(12943, 1312.911132, -871.931762, 38.534477, -0.000028, 0.000007, 0.000228, -1, -1, -1, 300.00, 300.00); 
tmpobjid = CreateDynamicObject(1025, 1315.515136, -875.731811, 42.422027, 0.000007, 0.000051, 89.999900, -1, -1, -1, 300.00, 300.00); 
tmpobjid = CreateDynamicObject(1078, 1314.015136, -875.731811, 42.422027, 0.000007, 0.000051, 89.999900, -1, -1, -1, 300.00, 300.00); 
tmpobjid = CreateDynamicObject(1080, 1312.515136, -875.731811, 42.422027, 0.000007, 0.000051, 89.999900, -1, -1, -1, 300.00, 300.00); 
tmpobjid = CreateDynamicObject(1079, 1311.015136, -875.731811, 42.422027, 0.000007, 0.000051, 89.999900, -1, -1, -1, 300.00, 300.00); 
tmpobjid = CreateDynamicObject(1074, 1318.515136, -875.731811, 42.422027, 0.000007, 0.000051, 89.999900, -1, -1, -1, 300.00, 300.00); 
tmpobjid = CreateDynamicObject(1075, 1317.015136, -875.731811, 42.422027, 0.000007, 0.000051, 89.999900, -1, -1, -1, 300.00, 300.00); 
tmpobjid = CreateDynamicObject(1082, 1309.515136, -875.731811, 42.422027, 0.000007, 0.000051, 89.999900, -1, -1, -1, 300.00, 300.00); 
tmpobjid = CreateDynamicObject(1081, 1308.015136, -875.731811, 42.422027, 0.000007, 0.000051, 89.999900, -1, -1, -1, 300.00, 300.00); 
tmpobjid = CreateDynamicObject(1618, 1310.926757, -867.952270, 42.099807, -0.000007, -0.000029, -90.000137, -1, -1, -1, 300.00, 300.00); 
tmpobjid = CreateDynamicObject(19903, 1310.280517, -868.432006, 38.579807, -0.000007, -0.000029, -90.000137, -1, -1, -1, 300.00, 300.00); 
tmpobjid = CreateDynamicObject(2714, 1320.983154, -868.896362, 40.829811, 0.000007, 0.000029, 89.999900, -1, -1, -1, 300.00, 300.00); 
tmpobjid = CreateDynamicObject(19815, 1313.743408, -867.929077, 40.579811, -0.000035, 0.000007, 0.000259, -1, -1, -1, 300.00, 300.00); 
tmpobjid = CreateDynamicObject(19899, 1319.420898, -868.611938, 38.579807, -0.000007, -0.000029, -90.000137, -1, -1, -1, 300.00, 300.00); 
tmpobjid = CreateDynamicObject(19900, 1316.599365, -868.491088, 38.579807, -0.000007, -0.000036, -90.000183, -1, -1, -1, 300.00, 300.00); 
tmpobjid = CreateDynamicObject(19917, 1316.579345, -868.515747, 39.459808, 0.000007, 0.000036, 89.999900, -1, -1, -1, 300.00, 300.00); 
tmpobjid = CreateDynamicObject(2206, 1312.747070, -868.569946, 38.579807, -0.000035, 0.000007, 0.000259, -1, -1, -1, 300.00, 300.00); 
tmpobjid = CreateDynamicObject(3077, 1315.549072, -867.274780, 38.579807, 0.000029, -0.000007, 179.999664, -1, -1, -1, 300.00, 300.00); 
tmpobjid = CreateDynamicObject(1010, 1313.560791, -875.935668, 40.379810, 0.000007, 90.000030, 89.999900, -1, -1, -1, 300.00, 300.00); 
tmpobjid = CreateDynamicObject(1010, 1312.560791, -875.935668, 40.379810, 0.000007, 90.000030, 89.999900, -1, -1, -1, 300.00, 300.00); 
tmpobjid = CreateDynamicObject(1010, 1311.560791, -875.935668, 40.379810, 0.000007, 90.000030, 89.999900, -1, -1, -1, 300.00, 300.00); 
tmpobjid = CreateDynamicObject(1723, 1318.002197, -875.355346, 38.579807, 0.000029, -0.000007, 179.999664, -1, -1, -1, 300.00, 300.00); 
tmpobjid = CreateDynamicObject(2206, 1313.357421, -875.364135, 38.579807, 0.000022, -0.000007, 179.999694, -1, -1, -1, 300.00, 300.00); 
