//Map Exported with Texture Studio By: [uL]Pottus////////////////////////////////////////////////////////////////
//////////////////////////////////////////////and Crayder////////////////////////////////////////////////////////
/////////////////////////////////////////////////////////////////////////////////////////////////////////////////

//Map Information////////////////////////////////////////////////////////////////////////////////////////////////
/*
	Exported on "2024-04-11 21:28:00" by "Reno888"
	Created by "Reno888"
	Spawn Position: 2563.937988, 1017.901611, 10.839282
*/
/////////////////////////////////////////////////////////////////////////////////////////////////////////////////

//Objects////////////////////////////////////////////////////////////////////////////////////////////////////////
new tmpobjid;
tmpobjid = CreateDynamicObject(18244, 1617.075195, -997.317443, 27.786937, 89.999992, 77.999229, -151.099426, -1, -1, -1, 300.00, 300.00); 
SetDynamicObjectMaterialText(tmpobjid, 0, "TEXT LU\nEDIT DISINI", 130, "Ariel", 60, 1, 0xFFFFFFFF, 0xFF000000, 1);
/////////////////////////////////////////////////////////////////////////////////////////////////////////////////
/////////////////////////////////////////////////////////////////////////////////////////////////////////////////
/////////////////////////////////////////////////////////////////////////////////////////////////////////////////
tmpobjid = CreateDynamicObject(12943, 1624.903930, -995.083374, 23.093862, -0.000028, 0.000007, -163.099685, -1, -1, -1, 300.00, 300.00); 
tmpobjid = CreateDynamicObject(1025, 1621.307617, -992.204345, 26.981410, 0.000006, 0.000051, -73.100074, -1, -1, -1, 300.00, 300.00); 
tmpobjid = CreateDynamicObject(1078, 1622.742919, -991.768310, 26.981410, 0.000006, 0.000051, -73.100074, -1, -1, -1, 300.00, 300.00); 
tmpobjid = CreateDynamicObject(1080, 1624.178100, -991.332275, 26.981410, 0.000006, 0.000051, -73.100074, -1, -1, -1, 300.00, 300.00); 
tmpobjid = CreateDynamicObject(1079, 1625.613281, -990.896179, 26.981410, 0.000006, 0.000051, -73.100074, -1, -1, -1, 300.00, 300.00); 
tmpobjid = CreateDynamicObject(1074, 1618.437255, -993.076477, 26.981410, 0.000006, 0.000051, -73.100074, -1, -1, -1, 300.00, 300.00); 
tmpobjid = CreateDynamicObject(1075, 1619.872436, -992.640441, 26.981410, 0.000006, 0.000051, -73.100074, -1, -1, -1, 300.00, 300.00); 
tmpobjid = CreateDynamicObject(1082, 1627.048583, -990.460144, 26.981410, 0.000006, 0.000051, -73.100074, -1, -1, -1, 300.00, 300.00); 
tmpobjid = CreateDynamicObject(1081, 1628.483764, -990.024108, 26.981410, 0.000006, 0.000051, -73.100074, -1, -1, -1, 300.00, 300.00); 
tmpobjid = CreateDynamicObject(1618, 1627.959472, -998.314147, 26.659193, -0.000006, -0.000028, 106.899810, -1, -1, -1, 300.00, 300.00); 
tmpobjid = CreateDynamicObject(19903, 1628.438354, -997.667236, 23.139192, -0.000006, -0.000028, 106.899810, -1, -1, -1, 300.00, 300.00); 
tmpobjid = CreateDynamicObject(2714, 1618.062866, -1000.334228, 25.389196, 0.000006, 0.000029, -73.100074, -1, -1, -1, 300.00, 300.00); 
tmpobjid = CreateDynamicObject(19815, 1625.271240, -999.155090, 25.139196, -0.000035, 0.000007, -163.099655, -1, -1, -1, 300.00, 300.00); 
tmpobjid = CreateDynamicObject(19899, 1619.640380, -1000.152221, 23.139192, -0.000006, -0.000028, 106.899810, -1, -1, -1, 300.00, 300.00); 
tmpobjid = CreateDynamicObject(19900, 1622.375122, -999.447570, 23.139192, -0.000006, -0.000035, 106.899765, -1, -1, -1, 300.00, 300.00); 
tmpobjid = CreateDynamicObject(19917, 1622.387207, -999.418212, 24.019193, 0.000006, 0.000036, -73.100074, -1, -1, -1, 300.00, 300.00); 
tmpobjid = CreateDynamicObject(2206, 1626.038208, -998.252258, 23.139192, -0.000035, 0.000007, -163.099655, -1, -1, -1, 300.00, 300.00); 
tmpobjid = CreateDynamicObject(3077, 1623.733642, -1000.306030, 23.139192, 0.000028, -0.000007, 16.899652, -1, -1, -1, 300.00, 300.00); 
tmpobjid = CreateDynamicObject(1010, 1623.118408, -991.441223, 24.939195, 0.000006, 90.000030, -73.100074, -1, -1, -1, 300.00, 300.00); 
tmpobjid = CreateDynamicObject(1010, 1624.075195, -991.150512, 24.939195, 0.000006, 90.000030, -73.100074, -1, -1, -1, 300.00, 300.00); 
tmpobjid = CreateDynamicObject(1010, 1625.031982, -990.859802, 24.939195, 0.000006, 90.000030, -73.100074, -1, -1, -1, 300.00, 300.00); 
tmpobjid = CreateDynamicObject(1723, 1619.037475, -993.287597, 23.139192, 0.000028, -0.000007, 16.899652, -1, -1, -1, 300.00, 300.00); 
tmpobjid = CreateDynamicObject(2206, 1623.479125, -991.928894, 23.139192, 0.000021, -0.000007, 16.899682, -1, -1, -1, 300.00, 300.00); 
