//Map Exported with Texture Studio By: [uL]Pottus////////////////////////////////////////////////////////////////
//////////////////////////////////////////////and Crayder////////////////////////////////////////////////////////
/////////////////////////////////////////////////////////////////////////////////////////////////////////////////

//Map Information////////////////////////////////////////////////////////////////////////////////////////////////
/*
	Exported on "2024-04-11 21:24:28" by "Reno888"
	Created by "Reno888"
	Spawn Position: 2563.937988, 1017.901611, 10.839282
*/
/////////////////////////////////////////////////////////////////////////////////////////////////////////////////

//Objects////////////////////////////////////////////////////////////////////////////////////////////////////////
new tmpobjid;
tmpobjid = CreateDynamicObject(18244, 1209.616943, -979.784484, 47.130538, 89.999992, 67.328300, -157.328445, -1, -1, -1, 300.00, 300.00); 
SetDynamicObjectMaterialText(tmpobjid, 0, "TEXT LU\nEDIT DISINI", 130, "Ariel", 60, 1, 0xFFFFFFFF, 0xFF000000, 1);
/////////////////////////////////////////////////////////////////////////////////////////////////////////////////
/////////////////////////////////////////////////////////////////////////////////////////////////////////////////
/////////////////////////////////////////////////////////////////////////////////////////////////////////////////
tmpobjid = CreateDynamicObject(12943, 1217.757080, -979.922668, 42.437465, -0.000029, 0.000000, -179.999755, -1, -1, -1, 300.00, 300.00); 
tmpobjid = CreateDynamicObject(1025, 1215.153076, -976.122619, 46.325016, -0.000000, 0.000051, -90.000015, -1, -1, -1, 300.00, 300.00); 
tmpobjid = CreateDynamicObject(1078, 1216.653076, -976.122619, 46.325016, -0.000000, 0.000051, -90.000015, -1, -1, -1, 300.00, 300.00); 
tmpobjid = CreateDynamicObject(1080, 1218.153076, -976.122619, 46.325016, -0.000000, 0.000051, -90.000015, -1, -1, -1, 300.00, 300.00); 
tmpobjid = CreateDynamicObject(1079, 1219.653076, -976.122619, 46.325016, -0.000000, 0.000051, -90.000015, -1, -1, -1, 300.00, 300.00); 
tmpobjid = CreateDynamicObject(1074, 1212.153076, -976.122619, 46.325016, -0.000000, 0.000051, -90.000015, -1, -1, -1, 300.00, 300.00); 
tmpobjid = CreateDynamicObject(1075, 1213.653076, -976.122619, 46.325016, -0.000000, 0.000051, -90.000015, -1, -1, -1, 300.00, 300.00); 
tmpobjid = CreateDynamicObject(1082, 1221.153076, -976.122619, 46.325016, -0.000000, 0.000051, -90.000015, -1, -1, -1, 300.00, 300.00); 
tmpobjid = CreateDynamicObject(1081, 1222.653076, -976.122619, 46.325016, -0.000000, 0.000051, -90.000015, -1, -1, -1, 300.00, 300.00); 
tmpobjid = CreateDynamicObject(1618, 1219.741455, -983.902160, 46.002796, 0.000000, -0.000029, 89.999809, -1, -1, -1, 300.00, 300.00); 
tmpobjid = CreateDynamicObject(19903, 1220.387695, -983.422424, 42.482795, 0.000000, -0.000029, 89.999809, -1, -1, -1, 300.00, 300.00); 
tmpobjid = CreateDynamicObject(2714, 1209.685058, -982.958068, 44.732799, -0.000000, 0.000029, -90.000015, -1, -1, -1, 300.00, 300.00); 
tmpobjid = CreateDynamicObject(19815, 1216.924804, -983.925354, 44.482799, -0.000036, 0.000000, -179.999725, -1, -1, -1, 300.00, 300.00); 
tmpobjid = CreateDynamicObject(19899, 1211.247314, -983.242492, 42.482795, 0.000000, -0.000029, 89.999809, -1, -1, -1, 300.00, 300.00); 
tmpobjid = CreateDynamicObject(19900, 1214.068847, -983.363342, 42.482795, 0.000000, -0.000036, 89.999763, -1, -1, -1, 300.00, 300.00); 
tmpobjid = CreateDynamicObject(19917, 1214.088867, -983.338684, 43.362796, -0.000000, 0.000036, -90.000015, -1, -1, -1, 300.00, 300.00); 
tmpobjid = CreateDynamicObject(2206, 1217.921142, -983.284484, 42.482795, -0.000036, 0.000000, -179.999725, -1, -1, -1, 300.00, 300.00); 
tmpobjid = CreateDynamicObject(3077, 1215.119140, -984.579650, 42.482795, 0.000029, 0.000000, -0.000183, -1, -1, -1, 300.00, 300.00); 
tmpobjid = CreateDynamicObject(1010, 1217.107421, -975.918762, 44.282798, -0.000000, 90.000030, -90.000015, -1, -1, -1, 300.00, 300.00); 
tmpobjid = CreateDynamicObject(1010, 1218.107421, -975.918762, 44.282798, -0.000000, 90.000030, -90.000015, -1, -1, -1, 300.00, 300.00); 
tmpobjid = CreateDynamicObject(1010, 1219.107421, -975.918762, 44.282798, -0.000000, 90.000030, -90.000015, -1, -1, -1, 300.00, 300.00); 
tmpobjid = CreateDynamicObject(1723, 1212.666015, -976.499084, 42.482795, 0.000029, 0.000000, -0.000183, -1, -1, -1, 300.00, 300.00); 
tmpobjid = CreateDynamicObject(2206, 1217.310791, -976.490295, 42.482795, 0.000022, 0.000000, -0.000152, -1, -1, -1, 300.00, 300.00); 
