//Map Exported with Texture Studio By: [uL]Pottus////////////////////////////////////////////////////////////////
//////////////////////////////////////////////and Crayder////////////////////////////////////////////////////////
/////////////////////////////////////////////////////////////////////////////////////////////////////////////////

//Map Information////////////////////////////////////////////////////////////////////////////////////////////////
/*
	Exported on "2024-04-11 21:32:01" by "Reno888"
	Created by "Reno888"
	Spawn Position: 2563.937988, 1017.901611, 10.839282
*/
/////////////////////////////////////////////////////////////////////////////////////////////////////////////////

//Objects////////////////////////////////////////////////////////////////////////////////////////////////////////
new tmpobjid;
tmpobjid = CreateDynamicObject(18244, 1792.848022, -1692.796752, 17.161090, 89.999992, 39.095249, -129.095428, -1, -1, -1, 300.00, 300.00); 
SetDynamicObjectMaterialText(tmpobjid, 0, "TEXT LU\nEDIT DISINI", 130, "Ariel", 60, 1, 0xFFFFFFFF, 0xFF000000, 1);
/////////////////////////////////////////////////////////////////////////////////////////////////////////////////
/////////////////////////////////////////////////////////////////////////////////////////////////////////////////
/////////////////////////////////////////////////////////////////////////////////////////////////////////////////
tmpobjid = CreateDynamicObject(12943, 1800.988159, -1692.934936, 12.468018, -0.000027, 0.000006, -179.999649, -1, -1, -1, 300.00, 300.00); 
tmpobjid = CreateDynamicObject(1025, 1798.384155, -1689.134887, 16.355569, 0.000006, 0.000050, -90.000068, -1, -1, -1, 300.00, 300.00); 
tmpobjid = CreateDynamicObject(1078, 1799.884155, -1689.134887, 16.355569, 0.000006, 0.000050, -90.000068, -1, -1, -1, 300.00, 300.00); 
tmpobjid = CreateDynamicObject(1080, 1801.384155, -1689.134887, 16.355569, 0.000006, 0.000050, -90.000068, -1, -1, -1, 300.00, 300.00); 
tmpobjid = CreateDynamicObject(1079, 1802.884155, -1689.134887, 16.355569, 0.000006, 0.000050, -90.000068, -1, -1, -1, 300.00, 300.00); 
tmpobjid = CreateDynamicObject(1074, 1795.384155, -1689.134887, 16.355569, 0.000006, 0.000050, -90.000068, -1, -1, -1, 300.00, 300.00); 
tmpobjid = CreateDynamicObject(1075, 1796.884155, -1689.134887, 16.355569, 0.000006, 0.000050, -90.000068, -1, -1, -1, 300.00, 300.00); 
tmpobjid = CreateDynamicObject(1082, 1804.384155, -1689.134887, 16.355569, 0.000006, 0.000050, -90.000068, -1, -1, -1, 300.00, 300.00); 
tmpobjid = CreateDynamicObject(1081, 1805.884155, -1689.134887, 16.355569, 0.000006, 0.000050, -90.000068, -1, -1, -1, 300.00, 300.00); 
tmpobjid = CreateDynamicObject(1618, 1802.972534, -1696.914428, 16.033349, -0.000006, -0.000028, 89.999801, -1, -1, -1, 300.00, 300.00); 
tmpobjid = CreateDynamicObject(19903, 1803.618774, -1696.434692, 12.513348, -0.000006, -0.000028, 89.999801, -1, -1, -1, 300.00, 300.00); 
tmpobjid = CreateDynamicObject(2714, 1792.916137, -1695.970336, 14.763353, 0.000006, 0.000028, -90.000068, -1, -1, -1, 300.00, 300.00); 
tmpobjid = CreateDynamicObject(19815, 1800.155883, -1696.937622, 14.513353, -0.000034, 0.000006, -179.999618, -1, -1, -1, 300.00, 300.00); 
tmpobjid = CreateDynamicObject(19899, 1794.478393, -1696.254760, 12.513348, -0.000006, -0.000028, 89.999801, -1, -1, -1, 300.00, 300.00); 
tmpobjid = CreateDynamicObject(19900, 1797.299926, -1696.375610, 12.513348, -0.000006, -0.000035, 89.999755, -1, -1, -1, 300.00, 300.00); 
tmpobjid = CreateDynamicObject(19917, 1797.319946, -1696.350952, 13.393350, 0.000006, 0.000035, -90.000068, -1, -1, -1, 300.00, 300.00); 
tmpobjid = CreateDynamicObject(2206, 1801.152221, -1696.296752, 12.513348, -0.000034, 0.000006, -179.999618, -1, -1, -1, 300.00, 300.00); 
tmpobjid = CreateDynamicObject(3077, 1798.350219, -1697.591918, 12.513348, 0.000028, -0.000006, -0.000396, -1, -1, -1, 300.00, 300.00); 
tmpobjid = CreateDynamicObject(1010, 1800.338500, -1688.931030, 14.313352, 0.000006, 90.000030, -90.000068, -1, -1, -1, 300.00, 300.00); 
tmpobjid = CreateDynamicObject(1010, 1801.338500, -1688.931030, 14.313352, 0.000006, 90.000030, -90.000068, -1, -1, -1, 300.00, 300.00); 
tmpobjid = CreateDynamicObject(1010, 1802.338500, -1688.931030, 14.313352, 0.000006, 90.000030, -90.000068, -1, -1, -1, 300.00, 300.00); 
tmpobjid = CreateDynamicObject(1723, 1795.897094, -1689.511352, 12.513348, 0.000028, -0.000006, -0.000396, -1, -1, -1, 300.00, 300.00); 
tmpobjid = CreateDynamicObject(2206, 1800.541870, -1689.502563, 12.513348, 0.000021, -0.000006, -0.000366, -1, -1, -1, 300.00, 300.00); 
